6.82
6.33
6.22
5.9
5.08
5.8
5.3
6.98
6.52
5.07
6.63
5.2
6.01
6.46
6.94
6.25
5.46
6.4
5.6
6.67
6.88
5.72
5.68
6.5
5.64
6.39
5.31
6.81
5.81
6.64
5.83
6.89
6.1
5.85
6.3
6.63
6.48
5.59
6.24
5.95
5.22
6.88
6.18
6.58
6.03
6.25
6.92
6.62
6.51
6.69
6.54
6.9
5.94
5.74
5.5
5.71
6.45
5.99
5.61
6.24
6.84
5.81
6.48
5.4
5.09
6.83
5.41
5.88
5.27
5.06
5.18
6.92
6.97
6.89
6.2
6.71
5.23
5.41
5.09
5.41
5.53
5.68
6.58
5.32
6.74
5.78
6.75
6.6
6.65
5.18
6.82
6.52
5.55
5.67
5.81
5.51
5.87
5.88
5.96
5.95
